.Random.seed <-
c(403L, 10L, -2006426602L, 1985947537L, -164550589L, -678588590L, 
1555215332L, 40782375L, -1475034499L, -1317946508L, -491202726L, 
515723685L, -1794945601L, -1857245626L, 1857486032L, 311498483L, 
-972517359L, 77370944L, -1983661538L, 977745129L, 1624325659L, 
-145818070L, -828530356L, 138873615L, 61218373L, -139974660L, 
490470994L, -203381811L, -451572345L, -844674962L, -1031729080L, 
-1703566773L, 980451241L, 90394360L, -768947674L, 1831428929L, 
855148755L, 810527874L, -505410892L, -1607000521L, -691649235L, 
-1056952764L, -1950796950L, -1434443819L, 1273268591L, -826325898L, 
-613314656L, 283727971L, 1582824705L, 2049527920L, -1963787250L, 
-1904403335L, -1692292085L, -99334854L, -1308994500L, 865723263L, 
597962965L, -1478982420L, 1841372738L, -2005569123L, -31579113L, 
-1625720450L, 310681400L, -77998053L, 1000724857L, -540344376L, 
-730422282L, -1190922703L, -1773219741L, -1897795534L, -1158443644L, 
1809806279L, 327399069L, -1235952108L, -420830022L, -721153787L, 
1464111839L, 3325798L, -1986013456L, 485764627L, 243918769L, 
-592629152L, 1526665214L, -966738039L, -1245325125L, -1283222390L, 
1831823212L, 1172255983L, -2128650459L, -1714026020L, 1629075378L, 
-614121811L, -1393789337L, 2127644046L, 943731304L, 1351790187L, 
-227964919L, 751957656L, 2079093190L, -710893279L, 1521185203L, 
-667939550L, 1158620948L, -1166991465L, -44073075L, 148898468L, 
-1427174262L, 67609333L, 37258575L, 1357517398L, 326512896L, 
1805681731L, 375687137L, -1319999664L, 811358638L, 1871304537L, 
-1490100885L, -1985903398L, 76975516L, -767708769L, 1736086517L, 
1269088908L, 2115618658L, -882591939L, -1108570185L, -1434117026L, 
2133283224L, -953174789L, -2082537319L, -1497140952L, -1136850986L, 
-1878743983L, -977809661L, 1420117650L, 1995097124L, -1772975385L, 
625205053L, 998858676L, -1373027302L, -176578715L, 1193755135L, 
-769454970L, 1665208336L, 2041008819L, 1062916433L, -1972981504L, 
-1265568802L, -1768153047L, -1450133541L, 767304938L, 1730347660L, 
1200692687L, -299150971L, -1211536836L, -667709678L, 1424552973L, 
821116743L, -1184957138L, 2092530824L, 1369368971L, 166981993L, 
-1953137864L, -1760975386L, 530284929L, -1744923373L, 1492013762L, 
814644596L, -1267237513L, -686750099L, 1332529412L, -1226957782L, 
1533096341L, 1363895855L, -18496714L, -175834272L, -1302462045L, 
1268564673L, 184900272L, 219764174L, 1007421753L, 285222219L, 
-1560842502L, -1903353860L, 101621823L, 1862686997L, -700521940L, 
-842780926L, 42662877L, 1628026583L, -670006850L, 901604344L, 
-1842784293L, -1990448583L, -1172575352L, 606804790L, 727189873L, 
-465689693L, 2120545010L, -1898835388L, 465714439L, 360301789L, 
322580948L, -1127049990L, -131150779L, -1079354209L, -689553882L, 
-1051379024L, -1849481389L, 1787830897L, -365924448L, -1149319362L, 
257150537L, -1007604997L, -636527926L, 887508012L, 371823663L, 
-1891451675L, -627034724L, -1331709966L, 193503853L, 2037049255L, 
-1465919026L, -82546904L, 619668779L, -2135701687L, 106171480L, 
2094954758L, 1203963105L, -2046811021L, -1142655060L, -26811716L, 
-876975118L, 1344474672L, 1911244708L, -1916195400L, -940906662L, 
334803088L, -1132158084L, -71233260L, -548673214L, 432924928L, 
1779527100L, -2040247984L, -1896478430L, -414227896L, -1053874164L, 
-643668388L, 129567186L, 1062514176L, -1944208044L, -816575256L, 
2015234298L, 753958608L, 1033620268L, 308816116L, -659250798L, 
567125344L, -1629793268L, 1299778784L, 2000466530L, -959126360L, 
-337918900L, -972275844L, 38287666L, -1054817680L, -1639795900L, 
193969112L, -1954370694L, 111990832L, -1401421892L, 509495892L, 
1342009410L, 1142367904L, -284319044L, -1959304240L, 1746490722L, 
-1060290840L, -1597121332L, 1049410044L, -1933074958L, 650402944L, 
-377153036L, -2009259384L, 1431968570L, 593716560L, 1490855020L, 
336440724L, -2089113518L, 385424864L, 1677612236L, 99999392L, 
1764258178L, 1891778792L, -626332948L, 2134744380L, -1247483790L, 
143753840L, -490677724L, -1494775752L, 975108378L, 1893065936L, 
-1582769860L, 1646850964L, 1255602050L, -1685591104L, -1296271812L, 
-1904049776L, 1954195490L, 449948936L, 1557203084L, 264687388L, 
-1908695918L, 1387302272L, 336801812L, -1578326232L, -316373446L, 
1338821072L, 1397432684L, 382180276L, -369528302L, -1067812896L, 
753146316L, -2134353696L, -1734306782L, -1602356440L, 1410705932L, 
1000362812L, 1701357554L, 1456235248L, 947448388L, 953538136L, 
-653510854L, -873383952L, -584283460L, -963238636L, 1518693570L, 
-1751151520L, 671079804L, -1923571760L, 31197474L, 77065896L, 
1966677900L, -1974762308L, -132992206L, 335468096L, 45462708L, 
1719061576L, 449285562L, -68797936L, 1618152684L, 1090859348L, 
-1538122990L, 742639008L, 602223308L, 1412418144L, -904648766L, 
801301288L, -859258452L, 1062352188L, -1216461966L, -27933392L, 
490135332L, 687514936L, 1743849178L, -89008240L, -464215300L, 
503364500L, 982500418L, 1062276352L, 1373241404L, -1769616048L, 
204518562L, 708705096L, -771739892L, 1436413660L, -88340654L, 
-1526872448L, 834465876L, -1361329176L, -1645827334L, 66522448L, 
-1918773460L, -1056339084L, 916194194L, 238275168L, 712511372L, 
-162392224L, 1085029346L, 2064944040L, -327832372L, -1318630916L, 
-428224590L, -1569169936L, 625098180L, 2046259544L, -1223096966L, 
-2016551504L, -800881732L, -830412716L, 1259691970L, 1203705888L, 
-926420804L, 1768954448L, 289937378L, -1301701016L, 860200524L, 
-685627140L, 1046163442L, 768877824L, -1231840396L, -558557176L, 
331098554L, 1182944720L, -1003416596L, -1310348396L, 2099596242L, 
1425862496L, 1882208588L, 1906385184L, -1609617534L, 932335336L, 
1796454636L, -958923204L, -1833475214L, -2107062672L, -1385812956L, 
-30777544L, 686227610L, -430750000L, -174316356L, 1109052052L, 
-1119790462L, 1146015936L, -1824987844L, 1026132112L, 1783889442L, 
409106952L, -1945381620L, -91921764L, -761113070L, 421278080L, 
1525457428L, -735003096L, -1551056582L, 1479973840L, -215953812L, 
-1583383756L, 1264792210L, 1467942240L, -653888180L, -203562016L, 
-1883037790L, -1374675032L, 1024061324L, -1676068164L, -1000662158L, 
1722369982L, -899221844L, 731266045L, 316674887L, -1797827536L, 
-931908274L, 356855163L, 44980957L, 1267505930L, -574186968L, 
656134801L, 667849347L, -494185596L, -723387982L, 1477617415L, 
-68328111L, 924019926L, -1468839500L, -1385456187L, 16944399L, 
952490888L, -1370946906L, -1386556845L, 1241496501L, -459323118L, 
156474080L, 156274505L, 1716052347L, 160697420L, 1920855514L, 
-1180282929L, -1654804071L, 699318702L, -585630020L, -2070909139L, 
-1109275433L, 95696160L, 245064318L, 686795851L, 1662336589L, 
2020713594L, 2141340856L, -2073022879L, 357078035L, 242033204L, 
-1391606718L, -836928425L, -98592863L, 257304678L, 1280438372L, 
340233109L, 2002336959L, 1235610712L, -570107786L, -1250408317L, 
2066327749L, -868735518L, 33262672L, 1843520889L, 1436900011L, 
-1657273828L, 1301896522L, -173914817L, 1046332297L, 292256670L, 
1548671564L, 1775025181L, 1450513831L, 189982928L, -1603896722L, 
-492493541L, 1455824509L, 1153952874L, 1142921480L, -961016399L, 
-1004312029L, 1485000484L, -776112174L, -695626713L, 27315825L, 
-1702136650L, 1499329620L, 1621757157L, 1044429039L, -1449399256L, 
-860972922L, 786096819L, 2064262165L, -2123893134L, 1005253312L, 
1440585513L, -1701079653L, -1647234452L, -1250810246L, 2096568239L, 
-1907084615L, -312550194L, 1993537052L, -2144285299L, 347462647L, 
-2087330048L, 1743107422L, 298327595L, -175894227L, 1501719962L, 
-835470504L, -260554047L, -469605005L, -39061868L, -1927740638L, 
-1096790473L, 815651585L, -893509114L, -230916028L, 647860597L, 
795112671L, -553105352L, 538382358L, -1289551837L, -1837752347L, 
-114595326L, 818460784L, 1743457817L, 667013131L, -1659008260L, 
548739882L, 519621983L, 1031193833L, 1573508094L, 1893199852L, 
2070559549L, -1734756601L, -511365392L, 313953934L, -2045474629L, 
-1705460579L, 1564176458L, 187830888L, -1784111535L, 21423427L, 
-790506428L, -143763726L, -1458774329L, 706012305L, 476912150L, 
2084653172L, 58411781L, -1240112817L, -199843000L, -115404058L, 
